133.376671395461
146.338850145951
105.411531389964
136.621733203681
131.187652398590
114.923117036947
123.664079776943
131.426244665387
163.783969397258
155.694370298849
114.501130598435
158.349234663319
135.254042249461
127.369451268103
135.147429038261
125.950339417002
126.758556517837
142.896976077855
142.090344898005
142.171924134296
134.714971336081
115.925130773150
58.1723865132884
67.3023528916473
55.8889377031179
61.3469300991786
58.2688513338324
47.9655907521398
53.9387146709666
43.1271719624136
59.8839563175764
39.5292989303085
40.3112954183197
42.9050130557512
21.5571583800510
65.3838029281510
54.2519053945620
43.4507168083030
64.7029854009523
33.8848358114630
49.9775755391451
48.5855295839264
54.1920673916550
54.1285859663743
42.3512008267554
50.6994870380373
49.3512098079096
57.2770728752873
61.9326566903948
62.0927329761440
42.3634717801129
51.7735909113043
38.8588295638459
39.8649925851324
50.9315067189665
66.3263030828475
43.3033408624632
54.7137881276006
48.7441559772875
62.1735613881447
40.1093570494776
51.3255746416497
56.5252702111222
62.0061021788087
66.4421189550395
51.8593113317543
36.0840968936239
43.5769816274014
40.3841826668001
74.5045722400204
44.8439811853311
58.4807678370399
49.0758148941174
59.8861042542072
43.3515076343213
36.9773103066124
36.7762407490850
55.8819390985994
49.2262484338118
49.0394651219267
65.1931015064255
53.9158437398418
52.9781105346436
66.8769908997406
42.9553404365045
57.9662441584961
59.3508816507268
48.5628485962205
53.1567008640375
39.3415606851795
39.5204722110141
52.0487471601649
58.2225403222500
76.8549125261624
44.3310932929862
52.8733102457894
50.1750557462905
31.6697708214901
46.6103384606523
33.0532115854488
59.4037552975391
42.1196791767099
52.0009283313932
45.5547107000945
54.0352079464935
44.9967343786627
55.8996532117395
58.3936312360447
68.1188778298156
49.0587646424173
29.6164473056006
42.6041125266339
64.5459432800464
40.2784471161575
60.6095386974057
52.2404980000319
65.3669662271894
31.3910000063497
49.0230177402585
38.9215451474020
80.0800803072936
59.2521889422849
64.7897197791662
40.4181974201264
46.3138441889938
48.2753059074981
61.9842461788862
48.2212806721236
58.0154145816328
30.4818370008885
47.4615000222557
42.7641347484315
35.2294297720080
56.0797465090595
53.8198406367056
51.3347988224445
37.6632205657189
62.2749227834159
54.5017941060331
48.0093396966702
51.2288979275163
48.3800456503391
33.4978763155321
48.1434902840467
42.6863348843238
41.2079369483270
39.4359834433600
45.6644289068401
30.9736426411694
60.6422942263163
56.2006010145546
50.7997214835746
50.6522891397152
43.0183641543586
61.1868528212858
49.6678252049227
43.8546983621284
64.5138576842666
48.7522894394742
45.1097096927920
48.0624640226458
42.5207375636207
39.7987169875627
76.2599969211831
67.5549759288735
54.0753515923825
38.4288164064795
42.3453196944520
49.2346588576855
58.9141606162863
37.6799557868475
27.7013284419492
36.5090270716126
54.3351083306581
54.9135360443290
55.5167941892824
49.6971534685428
52.8368909586194
46.2384698338093
59.6202161155692
37.3830552912925
55.5502955644433
42.5129062006634
47.6511306103595
56.5278334594455
61.3909065350496
39.8236131673479
63.6065870912090
57.6014314104698
50.3213444645731
49.0477880210125
48.8239364985681
47.9689237864826
51.2304562442511
51.5129035584878
59.2606279021160
66.2697668673337
55.6691443568470
48.9028666161126
57.2519035708763
52.8322726300144
40.7023245643338
137.492218311310
131.070619191467
129.351749420995
133.152463355248
130.614063240554
118.585142290446
126.376623271962
126.539453656685
122.679886231912
144.821035946632
119.242706538400
123.161849498899
120.879954509726
116.257876685432
126.077604824607
125.259297700674
143.300725144241
125.509752574863
117.357865871107
144.034572981200
140.346791468908
125.703735490368
112.938402960203
123.553721835530
126.440589642752
130.760682539315
125.388363542235
132.434219129041
131.918942094324
115.493210931736
118.520390776686
120.588939060596
122.921824497218
124.794244933998
128.124690413616
97.7082265859585
123.429853591284
140.424484063907
117.332986010153
137.337281626712
131.503210013561
127.709942362913
129.824521675060
112.349439858493
127.154605201823
144.039463506029
128.983477746401
128.413736134896
120.658308873033
127.691862699877
130.323470126245
132.263875574089
124.271912582765
125.635454162428
275.236908866031
232.416460295038
276.294456804569
257.375637006131
263.000608195891
236.358355250129
246.099654357948
249.219358362347
255.227156912205
234.297993021495
254.716343264163
237.871528003255
249.661900484246
255.523558886614
251.270599671771
258.826335042368
257.060771108191
240.490922634022
248.570561574340
236.556221935958
231.782114786074
254.248259334937
244.000498490753
243.450810853906
252.111272656539
248.945836974091
245.502011738745
254.502512283050
250.297894585577
243.397632570586
233.096388968888
233.484463582497
250.921018705313
222.881696113222
237.755380633641
218.511528231011
247.204980144527
245.617163023934
236.011620834835
235.291627868395
210.137160792967
240.811723226759
212.075650800341
210.807196933567
233.799337102984
223.515190164295
236.114906214234
238.769778056840
239.577325452054
224.088408746170
234.493776231669
231.006333503151
237.260699984699
234.361570799259
236.978884259851
226.680621320754
225.527985438487
237.077734053054
204.763445375843
220.954135944860
212.294055501913
221.174151972924
230.486792620486
232.257271492418
212.850563573199
218.289300873168
223.370248741301
219.081366242464
224.018185552610
224.999309429558
210.700384410599
218.231697340708
197.679054008385
230.453617105185
211.709092390058
205.961500259978
214.460553165772
202.713531353679
215.791423822984
210.393350034718
236.777787091842
226.384653873296
189.031134968155
218.413269317276
199.018621241889
210.449448201192
213.644040733187
219.477340288081
208.269530505971
226.763001465461
205.190628482212
213.275121208297
215.647341206276
209.851885927212
216.809527853810
211.232131378476
199.158538163359
188.946266486139
224.585929485557
199.954699112255
206.033597223106
210.631669551460
205.135969967340
194.952737872020
198.322854175481
201.751100527769
216.789584915040
193.391843099930
208.846684672878
204.086231399485
197.661399578708
189.430272540399
196.158590453738
198.133097175407
183.306049255136
199.921822448708
188.777067237098
196.057594120403
199.362133409542
186.953459407532
192.117436387943
198.500627575342
175.641408574957
204.359759082455
217.244611449394
202.594005094080
188.842280049906
196.286226798594
180.640152214866
209.778654604959
199.407044033521
197.873457799352
180.241257380433
192.199491343823
182.417057151491
184.885705814531
181.299900833578
176.742663843713
176.912544131257
183.901026659444
168.011359158274
191.076005758461
182.822017107320
190.991603336442
185.696486417166
187.942870553794
167.168789774841
171.797356143170
176.530049892555
182.096585913276
191.287364520283
177.100369592000
191.615507181412
183.754248117073
189.741167514937
179.269470680436
170.431840710519
162.186009284212
177.554889959039
184.185513685210
172.074118691656
169.592135835115
170.913581847199
163.034066984745
168.069901846836
171.192606435850
172.458411057137
171.362168799777
177.113351940652
172.093176937749
188.140154502804
173.120238283293
187.044937717242
161.768785204296
173.265470377496
165.397491382939
173.001425088086
172.939307956488
144.139783872518
152.729568504797
150.589864023611
169.018444970398
178.702012808485
160.731857712141
171.123230046408
168.455401035261
151.483676904792
165.974669957953
153.481052613181
176.162668966460
159.674334908055
176.359996572783
154.749415093900
164.894333667182
157.372087742817
137.780410699482
147.178684742210
163.125112981670
155.451138700113
144.812679975473
148.736214611329
157.495177405628
144.069809934504
163.749502248113
146.592904932739
171.088626205193
141.201337492612
153.991894440753
135.789734382310
143.763688747109
144.067496849892
154.013363398188
158.421333192369
152.004859675957
144.269293413690
156.154885080925
154.988869921567
148.202052819564
151.712476297145
150.127960103114
135.130381166485
152.595683259148
137.427987009017
137.960815186238
144.769468223294
139.924965301372
140.681796470841
147.953576738841
151.468327843052
139.020413673882
143.276781639072
137.616984954103
141.295968932203
143.399979048226
131.831340711108
140.748367869117
143.011020324683
137.923079512390
153.298413915724
129.914425552617
127.629402283022
117.501206936124
143.104825796471
142.670825529473
132.201071609420
141.984759893771
133.837034230912
134.907901348845
132.129447170211
135.399521888724
131.016624437003
157.873352278134
117.333349698054
110.457009173103
116.593188553304
117.066565437604
122.663907035252
125.315301217246
123.814664399734
131.413344357194
128.892662038433
132.512289846883
141.782558992910
136.230625517338
110.167438953952
99.7104548371666
131.019314669517
103.643613162648
121.667569114369
121.354794858376
142.271680781679
119.307857459780
113.926769353855
121.358096725762
120.458048518938
118.700452094168
110.914194899201
104.774066198134
119.165003607977
102.571307633781
104.678156559278
128.312158850650
109.810968049702
112.596782779436
121.998223288972
109.998889943843
122.293657121031
108.549340284327
121.128018642630
117.293345849314
107.869849173589
101.343026916395
98.5689169866237
106.299311873519
103.618586443979
103.913256852037
116.835452352056
104.023028559906
117.436789107710
100.683798824929
114.725657280087
99.7774951500645
105.765777946423
113.707378235547
98.8602772502577
98.6172948179510
122.033906108623
111.509934995491
96.6799615627222
107.489407373636
96.3992369884603
107.058850193494
113.158490684366
82.9548433140294
108.288530690020
112.579677806620
97.4747132327483
114.462567101184
97.5538751420118
83.6288031533737
73.0650572116539
91.6659293273627
101.135433025641
97.1740773323450
97.1361039029313
87.2291441636206
93.4400180140447
75.6133427006611
83.3991000136473
82.8120690374974
95.1972888813362
89.8583994090280
77.4447063171276
88.9047508390184
81.1018946236829
81.3330084639884
95.6414942116513
88.1341943622687
89.9836284616600
94.8396989023467
86.8025769398705
90.5085452205747
90.8296427611194
95.7060866003560
87.7586058727834
97.1223268644450
82.2260848430960
81.5213058977979
98.0133465427496
75.9028828723257
79.9714503985568
89.1986707980640
80.4980873263276
93.0493344567698
88.3412153956971
80.9157028877081
69.2230146168840
82.6669609753931
62.1737884051965
78.4447467558989
83.0843880316769
77.1304169841700
82.7967716423349
94.3887625141404
82.2393244868894
75.6691744659583
78.4166150642178
76.2548535562530
57.8527649651312
66.8358878030057
82.2468782478534
69.5641579445367
74.8242327744797
58.9349992538066
68.6451674231111
74.0029194918578
53.3848504513543
70.4759263196007
64.1815678154067
56.6046523405851
64.6246681118083
46.0369550637755
42.7202323181733
52.2307666928504
53.0946777951582
51.2696767273260
44.7457221047131
64.8822808966501
45.0581627973319
62.1021884922338
67.8706667635798
59.9777321368616
59.9310876005880
55.2184294341024
43.1732388894100
57.5618141464171
66.6082521168212
74.3824493261334
51.6979375757390
39.7267726353022
56.6634749246007
58.7626591045072
51.7304953529377
42.5108771038121
73.2433259954387
29.4047648904151
46.9002795420006
38.7837440918990
44.6387175033996
54.1785141905970
51.3804797444953
42.8926492518877
56.7700352671979
55.2239392417201
54.4738088451605
43.7436831833965
57.4858076053644
53.6070708636718
71.0877247318511
56.6345963904102
56.5692165332739
45.5297882732561
31.1161399705971
40.2877875250237
35.4220808350118
37.3603108297257
47.5513856000185
36.4322193604964
32.0488686451756
36.9067227836593
38.3911323326156
44.0933443045546
29.4736400288002
42.1731747232461
38.7802008097808
51.2438544916022
34.8682951357841
35.6552135544457
24.2864418207970
22.1473731680476
38.1050831860050
32.5051093552606
39.0374405573733
25.0733859652296
52.0851233035822
34.2223070050489
42.4703326689793
29.7307980067606
29.3749805845151
37.9005189785781
35.5575677141211
18.7974499851159
13.6730698607049
18.0213223045933
13.8422667843206
28.5957058856605
22.8874907446778
23.3198926695905
12.3903687060631
33.7956742873497
29.3941111155371
24.1037751625879
34.2118011801418
15.2602053497110
27.1470029304763
26.4844119995228
25.4925441666371
14.7075273237050
24.2684024876299
15.8511836707352
11.0355384949751
7.96731813584983
29.3781563948524
10.5405578766388
16.2708615574083
5.91347945259801
14.0287320000460
-15.3203779594001
5.13040770538670
1.73563840520277
4.85549232294679
12.8673281169264
10.7465221963951
33.4439779196628
7.28226781650544
10.4996772196496
-3.69315470340697
7.22617336305933
-2.37976653562260
11.3029902378818
18.5308676751858
14.0425346510936
1.99379786581795
-7.30542892747249
22.6001318514265
28.5004273293787
8.20500599699389
-2.89901604221187
17.9777147431488
0.0734378183074638
0.301906367755455
13.8637737707269
-9.85219801110838
-15.5675395423192
7.20683700201250
7.00737998146962
2.95142157864169
6.96684391636530
11.8224059616070
10.7044778835457
-5.68569570389605
8.09972073318538
129.732473718321
122.944574314846
116.066942091098
134.469709388812
124.463774007007
128.464345266878
120.070524977982
112.494855252204
129.715863552686
127.378608751956
139.990278772920
136.017040703273
138.533045791495
120.511232474568
118.636735028840
115.309132271315
132.979806230467
155.890811276439
135.275720369157
120.269358978478
136.366337544762
116.716696899164
113.755299085836
135.174423155074
120.220944798146
131.159858807086
142.065351380768
132.011246357319
137.296602844197
111.941977953793
134.615362441234
149.385022538285
133.411394134171
112.591228181421
125.968572051782
123.000347782207
131.830239127808
132.120353781118
132.054925505164
124.362192491190
122.007279599581
122.104110085820
136.535408340645
109.469919285804
125.926968403524
130.703782026899
121.472289879411
132.772272850077
127.286803499725
118.616987117312
129.613635346506
125.318171180866
123.901273522433
120.886772894739
153.614454835841
134.538707639014
149.016668805219
147.564518783876
143.881014957113
159.526985909952
145.657287414091
158.406330898144
162.758408845818
151.431295852729
155.777993217234
159.395173031109
152.190219849394
158.408701437639
140.374351553720
164.104238406702
143.104373209316
134.711640657962
166.844985113543
152.372732059587
157.489211200192
149.367415275323
142.794166068690
122.270114607129
159.262789976991
150.133154667888
151.026570931491
157.056053726405
138.806515394652
145.705547620172
164.473278415851
158.978646328815
140.187187409075
130.967357578301
147.287536802089
155.139964787165
162.423769333024
153.937254906669
141.776882784720
156.061578185682
141.276651324467
143.390334364623
146.462649836420
140.706063510008
150.290348700367
144.000499326572
150.143138623982
148.375784556463
148.902147852598
147.964610158681
165.332971126441
159.103052175740
153.590721550527
138.330532695718
136.741967336038
133.352475846091
179.051957508739
162.723748112036
155.569809697043
143.257595406531
141.536356141126
158.476395044805
168.650839850824
136.066563386792
148.506026401398
152.157079272466
133.080028223967
161.412456663526
148.853410825445
172.121808383639
149.091012677662
157.091820825474
141.575718318786
146.751362243633
141.312771500855
156.925752812975
166.018395043496
147.063582381596
157.363753915621
147.956375194742
154.021077133034
164.962505408224
154.202828163617
142.631566029232
144.428967611123
151.301256959559
151.083317199537
144.341847922601
154.806641335862
165.665284755726
150.488307125616
150.954299493369
130.984780939637
145.254868952393
139.067274159449
149.137653490164
158.255863501179
168.232692753906
170.984944519083
151.831157330302
149.798038131144
161.175162832372
157.901591888240
160.652511600156
160.782790453113
138.196948265814
158.403639596098
152.084609781318
145.397476230414
146.064045568565
165.814577526634
144.902623892343
140.631816471772
155.146864481318
173.107717675336
153.255544334123
156.082994362469
143.617527893722
169.742159517791
154.249881738450
158.301012565507
143.479317765985
161.540428182205
156.891457345178
141.439989150483
153.397401269893
148.494013962924
154.092479416657
150.494471575538
151.100983453513
142.670864856992
149.767080785806
160.665268541054
170.446731796690
141.394800738302
176.774118523842
168.260779625071
154.685075002175
149.987934706763
146.013457292948
161.327705757780
146.053947457772
148.381170068659
161.836171367208
157.359441821637
161.967473630545
158.047320279449
148.991028644842
147.861519879008
160.963675962339
146.288098359927
164.866590428664
160.907019707036
155.877214946737
153.032261145631
156.656171874729
188.266778183389
151.875633374880
137.434060650617
172.151022954568
159.098460532383
146.520883769084
179.173349120507
158.509504207454
155.942036844467
145.221562017466
142.350699039100
135.315859676889
148.770804641016
142.468975708098
159.477552449717
149.823718114865
170.689915691866
168.105823951928
154.640103169074
150.172362854948
164.521658079484
141.534923678833
159.736986965418
146.308870046273
123.996772993653
121.281975727809
133.756290165832
120.219064845792
117.364387971153
133.529783012870
123.765711621635
131.615871648481
124.481107580539
130.695407079731
102.355506438789
132.658641280788
146.535609424938
138.392893398472
137.108965794585
125.602687133987
129.809980797924
130.442495468133
128.963928845397
119.695315023807
124.477478143377
126.252249604559